YEAR	Control of Corruption	Government Effectiveness	Political Stability and Absence of Violence/Terrorism	Regulatory Quality	Rule of Law	Voice and Accountability	GDP growth (annual %)	GDP per capita growth 	GDP (constant 2015 US$)	GNI per capita growth (annual %)	GNI growth (annual %)	GNI (constant 2015 US$)	GNI per capita (constant 2015 US$)
1996	-1.158849478	-0.520850062	-0.656428635	-0.313425303	-1.021580696	-0.652150869	4.146839269	34295389668	1.365934437	2.989481772	5.81492751	33687534144	1219.86733
1998	-1.165812612	-0.490328997	-0.907693863	-0.256840199	-1.028106928	-0.866834044	3.290213722	35592009503	0.549589376	0.916444106	3.667067609	35264806216	1210.294635
2000	-1.144363642	-0.620078623	-1.068352699	-0.394455791	-0.921858788	-0.81064713	0.599695391	36630907977	-2.290893714	-1.99073842	0.908730365	36263249027	1175.408795
2002	-1.003750563	-0.756493151	-1.18801403	-0.17692107	-0.966853559	-0.679399788	0.54685953	38223413553	-2.457538571	-2.278604765	0.731304663	37877551023	1155.514202
2003	-0.964616835	-0.705886006	-1.263868928	-0.328403115	-0.923378527	-0.257107317	2.932475546	39344305808	-0.077112603	-0.247792335	2.756655092	38921704462	1152.650927
2004	-0.897880256	-0.66613555	-1.087354779	-0.274853587	-0.864229918	-0.211594954	5.104299776	41352557122	2.00869288	2.235859799	5.338360416	40999485327	1178.422585
2005	-1.012536764	-0.70911026	-1.250505924	-0.288214594	-0.880881011	-0.244842008	5.90666608	43795114586	2.80072342	3.584455412	6.714077152	43752222403	1220.662617
2006	-0.935450912	-0.655459583	-1.126983285	-0.239396662	-0.882364631	-0.130346507	6.4724943	46629750882	3.351889774	3.118502078	6.232059702	46478887024	1258.729007
2007	-0.97859472	-0.529211044	-1.305442214	-0.317882091	-0.971304595	-0.249015316	6.85072977	49824229107	3.728256743	3.558554357	6.675918929	49581779841	1303.521562
2008	-1.068366289	-0.624475121	-1.393615365	-0.277211368	-0.999996305	-0.282543808	0.232282745	49939962194	-2.709449404	-2.381407251	0.570243766	49864516850	1272.479405
2009	-1.07073009	-0.664479375	-1.425580621	-0.178242475	-1.022645473	-0.331883878	3.306939816	51591446688	0.293173947	-12.54732896	-9.919414569	44918248701	1112.817228
2010	-0.911055028	-0.582948446	-1.165523529	-0.136400819	-0.953961968	-0.218933016	8.058473603	55748929801	5.0563909	6.068527926	9.099533373	49005599732	1180.348853
2011	-0.963742495	-0.578526676	-1.244790792	-0.240827635	-0.91299665	-0.269520193	5.12110612	58603891656	2.366419735	4.847550203	7.669003955	52763841113	1237.566856
2012	-1.098877668	-0.540134847	-1.323441267	-0.317458749	-0.831432939	-0.28780368	4.568679614	61281315708	1.960400987	1.018721086	3.602910326	54664874993	1250.17421
2013	-1.035941601	-0.477090716	-1.166930914	-0.326215893	-0.714889407	-0.212256938	3.797848393	63608687171	1.326292507	0.582258008	3.035665369	56324317672	1257.45345
2014	-0.938904762	-0.358016878	-1.282247186	-0.348395675	-0.411822498	-0.145544812	5.020111002	66801913874	2.63818993	3.072104552	5.464095467	59401932161	1296.083735
2015	-1.030673742	-0.393306106	-1.241347909	-0.368477911	-0.506872714	-0.146352023	4.967721128	70120446664	2.683317425	4.070395036	6.385657161	63195135896	1348.839463
2016	-0.913663983	-0.401780695	-1.354456544	-0.357900858	-0.455839783	-0.11429017	4.213517068	73074983652	1.943668144	11.51143085	13.99431288	72038860935	1504.110185
2017	-0.975330949	-0.390950412	-1.128438354	-0.278868884	-0.430152923	-0.200866714	3.837958174	75879570960	1.603146616	1.033224135	3.255499965	74384086028	1519.651014
2018	-0.862696052	-0.493594706	-1.179692149	-0.265344054	-0.4276537	-0.374979466	5.647946407	80165208462	3.522084435	3.938688323	6.073105401	78901509974	1579.505331
2019	-0.807418883	-0.441803724	-1.105736017	-0.338947535	-0.464465976	-0.307872742	5.114158858	84264984571	3.05495785	2.961823899	5.019163944	82861706113	1626.287497
2020	-0.876583576	-0.398768902	-1.007226825	-0.517190576	-0.577875257	-0.342688382	-0.272766327	84035138067	-2.256979503	-2.386788946	-0.405210942	82525941414	1587.471447
2021	-0.735883415	-0.324745864	-1.032414198	-0.460586369	-0.421999156	-0.363395393	7.590489473	90413816376	5.520436304	5.569243659	7.640254309	88831133209	1675.8816
2022	-0.759701312	-0.300569445	-0.94308722	-0.38082996	-0.321951181	-0.208831713	4.846634856	94795843915	2.863571211	3.041648528	5.02814525	93297691614	1726.856028
